7;7
0;1;1;1
1;1;0;0
2;2;3;0
3;2;4;0
4;2;3;0
5;3;0;0
6;3;4;3
7;1;0;0
8;1;3;0
9;2;2;0
10;2;1;0
11;2;0;0
12;3;2;0
13;3;0;0
14;4;2;0
15;4;0;0
16;5;4;0
17;5;3;2
18;5;1;0
19;6;0;0
20;6;4;0
21;4;0;0
22;4;0;0
23;5;0;0
24;5;2;0
25;5;0;0
26;6;3;0
27;6;0;0
28;4;1;0
29;4;0;0
30;5;1;0
31;5;0;0
32;5;4;0
33;6;2;0
34;6;3;4
35;7;2;0
36;7;0;0
37;8;0;0
38;8;0;0
39;8;2;0
40;9;0;0
41;9;4;0
42;7;1;0
43;7;0;0
44;8;4;0
45;8;3;0
46;8;0;0
47;9;1;0
48;9;0;0
0;2
0;8
0;14
2;3
2;8
2;9
2;10
3;4
3;9
3;10
4;6
4;10
4;12
4;18
6;12
6;20
8;9
8;14
8;16
9;10
9;16
9;17
10;12
10;16
10;17
10;18
12;18
12;20
12;26
14;16
14;28
14;30
16;17
16;24
16;28
16;30
17;18
17;24
17;33
17;35
18;20
18;24
18;26
18;32
20;26
20;34
24;26
24;30
24;32
24;45
26;32
26;33
26;34
28;30
28;35
28;44
30;32
30;42
30;44
32;33
32;39
32;44
33;34
33;39
33;41
33;47
34;41
35;39
35;42
39;41
39;45
39;47
41;47
42;44
44;45
45;47
